20161215000946
20161215000945
20161215000944
20161215000943
20161215000942
20161215000940
20161215000939
20161215000937
20161215000936
20161215000935
20161215000934
20161215000933
20161215000931
20161215000930
20161215000928
20161215000927
20161215000926
20161215000925
20161215000924
20161215000923
20161215000922
20161215000919
20161215000918
20161215000917
20161215000916
20161215000915
20161215000914
20161215000913
20161215000912
20161215000911
20161215000909
20161215000908
20161215000907
20161215000906
20161215000905
20161215000903
20161215000901
20161215000898
20161215000895
20161215000886
20161215000885
20161215000882
20161215000881
20161215000880
20161215000879
20161215000878
20161215000877
20161215000876
20161215000875
20161215000874
20161215000873
20161215000872
20161215000869
20161215000868
20161215000866
20161215000863
20161215000862
20161215000860
20161215000858
20161215000857
20161215000856
20161215000853
20161215000851
20161215000849
20161215000848
20161215000847
20161215000846
20161215000844
20161215000843
20161215000842
20161215000837
20161215000836
20161215000835
20161215000834
20161215000833
20161215000831
20161215000829
20161215000828
20161215000826
20161215000825
20161215000824
20161215000823
20161215000822
20161215000821
20161215000820
20161215000819
20161215000818
20161215000817
20161215000816
20161215000815
20161215000814
20161215000813
20161215000812
20161215000811
20161215000810
20161215000808
20161215000807
20161215000805
20161215000802
20161215000801
20161215000800
20161215000799
20161215000798
20161215000797
20161215000796
20161215000795
20161215000794
20161215000793
20161215000792
20161215000791
20161215000790
20161215000789
20161215000788
20161215000787
20161215000786
20161215000785
20161215000784
20161215000783
20161215000782
20161215000781
20161215000780
20161215000779
20161215000777
20161215000776
20161215000774
20161215000773
20161215000772
20161215000771
20161215000770
20161215000769
20161215000768
20161215000767
20161215000766
20161215000765
20161215000764
20161215000763
20161215000762
20161215000761
20161215000760
20161215000759
20161215000757
20161215000756
20161215000755
20161215000754
20161215000753
20161215000752
20161215000751
20161215000750
20161215000749
20161215000748
20161215000747
20161215000746
20161215000744
20161215000743
20161215000741
20161215000740
20161215000739
20161215000738
20161215000737
20161215000736
20161215000735
20161215000734
20161215000733
20161215000732
20161215000731
20161215000729
20161215000728
20161215000726
20161215000725
20161215000724
20161215000723
20161215000721
20161215000720
20161215000719
20161215000718
20161215000717
20161215000714
20161215000713
20161215000712
20161215000711
20161215000710
20161215000708
20161215000707
20161215000705
20161215000704
20161215000703
20161215000702
20161215000701
20161215000699
20161215000696
20161215000695
20161215000693
20161215000692
20161215000691
20161215000690
20161215000689
20161215000688
20161215000687
20161215000685
20161215000684
20161215000683
20161215000682
20161215000681
20161215000679
20161215000678
20161215000673
20161215000672
20161215000671
20161215000670
20161215000668
20161215000666
20161215000665
20161215000663
20161215000662
20161215000660
20161215000659
20161215000658
20161215000657
20161215000656
20161215000655
20161215000653
20161215000652
20161215000651
20161215000650
20161215000649
20161215000648
20161215000646
20161215000644
20161215000643
20161215000642
20161215000641
20161215000640
20161215000638
20161215000635
20161215000634
20161215000633
20161215000632
20161215000631
20161215000629
20161215000627
20161215000626
20161215000625
20161215000623
20161215000618
20161215000616
20161215000615
20161215000614
20161215000611
20161215000610
20161215000608
20161215000606
20161215000605
20161215000604
20161215000602
20161215000601
20161215000598
20161215000597
20161215000596
20161215000594
20161215000591
20161215000589
20161215000587
20161215000586
20161215000585
20161215000584
20161215000583
20161215000582
20161215000581
20161215000580
20161215000579
20161215000578
20161215000577
20161215000576
20161215000575
20161215000574
20161215000573
20161215000572
20161215000571
20161215000570
20161215000569
20161215000568
20161215000567
20161215000565
20161215000564
20161215000561
20161215000560
20161215000559
20161215000558
20161215000557
20161215000556
20161215000555
20161215000554
20161215000553
20161215000552
20161215000551
20161215000550
20161215000549
20161215000548
20161215000547
20161215000546
20161215000545
20161215000544
20161215000542
20161215000541
20161215000540
20161215000539
20161215000538
20161215000536
20161215000535
20161215000534
20161215000533
20161215000532
20161215000531
20161215000529
20161215000526
20161215000525
20161215000524
20161215000522
20161215000519
20161215000518
20161215000517
20161215000516
20161215000515
20161215000514
20161215000513
20161215000512
20161215000510
20161215000509
20161215000507
20161215000506
20161215000505
20161215000503
20161215000502
20161215000501
20161215000500
20161215000499
20161215000498
20161215000497
20161215000496
20161215000495
20161215000494
20161215000493
20161215000492
20161215000491
20161215000490
20161215000489
20161215000488
20161215000487
20161215000486
20161215000485
20161215000484
20161215000483
20161215000482
20161215000481
20161215000480
20161215000479
20161215000478
20161215000477
20161215000476
20161215000475
20161215000473
20161215000471
20161215000470
20161215000469
20161215000468
20161215000467
20161215000466
20161215000465
20161215000464
20161215000463
20161215000462
20161215000460
20161215000459
20161215000458
20161215000457
20161215000456
20161215000455
20161215000454
20161215000453
20161215000452
20161215000451
20161215000450
20161215000449
20161215000448
20161215000447
20161215000446
20161215000445
20161215000444
20161215000443
20161215000442
20161215000441
20161215000439
20161215000438
20161215000437
20161215000436
20161215000435
20161215000434
20161215000433
20161215000432
20161215000431
20161215000430
20161215000429
20161215000428
20161215000426
20161215000425
20161215000424
20161215000423
20161215000422
20161215000420
20161215000419
20161215000418
20161215000417
t20161215000416
t20161215000415
t20161215000413
t20161215000412
t20161215000410
t20161215000408
t20161215000407
t20161215000406
t20161215000404
t20161215000400
t20161215000399
t20161215000398
t20161215000397
t20161215000396
t20161215000377
t20161215000375
t20161215000374
t20161215000373
t20161215000372
t20161215000371
t20161215000369
t20161215000368
t20161215000364
t20161215000363
t20161215000362
t20161215000361
t20161215000360
t20161215000359
t20161215000358
t20161215000357
t20161215000355
t20161215000354
t20161215000353
t20161215000352
t20161215000351
t20161215000350
t20161215000346
t20161215000345
t20161215000344
t20161215000340
t20161215000339
t20161215000338
t20161215000336
t20161215000334
t20161215000333
t20161215000332
t20161215000330
t20161215000329
t20161215000328
t20161215000327
t20161215000326
t20161215000325
t20161215000323
t20161215000322
t20161215000321
t20161215000320
t20161215000319
t20161215000316
t20161215000315
t20161215000314
t20161215000313
t20161215000312
t20161215000311
t20161215000310
t20161215000309
t20161215000308
t20161215000305
t20161215000304
t20161215000302
t20161215000301
t20161215000300
t20161215000298
t20161215000297
t20161215000293
t20161215000292
t20161215000291
t20161215000289
t20161215000287
t20161215000285
t20161215000284
t20161215000282
t20161215000281
t20161215000280
t20161215000279
t20161215000278
t20161215000277
t20161215000274
t20161215000273
t20161215000271
t20161215000270
t20161215000269
t20161215000268
t20161215000267
t20161215000266
t20161215000265
t20161215000264
t20161215000259
t20161215000258
t20161215000257
t20161215000256
t20161215000255
t20161215000254
t20161215000252
t20161215000249
t20161215000248
t20161215000246
t20161215000245
t20161215000244
t20161215000243
t20161215000240
t20161215000239
t20161215000238
t20161215000237
t20161215000236
t20161215000233
t20161215000232
t20161215000231
t20161215000227
t20161215000225
t20161215000224
t20161215000223
t20161215000222
t20161215000221
t20161215000220
t20161215000219
t20161215000218
t20161215000217
t20161215000216
t20161215000215
t20161215000214
t20161215000213
t20161215000211
t20161215000210
t20161215000209
t20161215000208
t20161215000207
t20161215000206
t20161215000204
t20161215000202
t20161215000200
t20161215000199
t20161215000198
t20161215000197
t20161215000195
t20161215000194
t20161215000193
t20161215000192
t20161215000191
t20161215000188
t20161215000187
20161215000186
20161215000184
20161215000182
20161215000179
20161215000177
20161215000175
20161215000174
20161215000172
20161215000171
20161215000170
20161215000168
20161215000167
20161215000166
20161215000162
20161215000161
20161215000160
20161215000159
20161215000153
20161215000152
20161215000150
20161215000149
20161215000148
20161215000147
20161215000143
20161215000142
20161215000140
20161215000139
20161215000138
20161215000137
20161215000136
20161215000135
20161215000134
20161215000133
20161215000131
20161215000129
20161215000128
20161215000127
20161215000125
20161215000124
20161215000123
20161215000122
20161215000121
20161215000120
20161215000119
20161215000118
20161215000117
20161215000115
20161215000114
20161215000111
20161215000110
20161215000109
20161215000108
20161215000107
20161215000106
20161215000103
20161215000102
20161215000101
20161215000099
20161215000096
20161215000094
20161215000092
20161215000091
20161215000089
20161215000088
20161215000084
20161215000082
20161215000079
20161215000077
20161215000074
20161215000072
20161215000071
20161215000070
20161215000068
20161215000067
20161215000066
20161215000064
20161215000063
20161215000062
20161215000061
20161215000060
20161215000059
20161215000057
20161215000056
20161215000055
20161215000054
20161215000053
20161215000052
20161215000051
20161215000050
20161215000049
20161215000048
20161215000047
20161215000046
20161215000045
20161215000044
20161215000042
20161215000041
20161215000036
20161215000035
20161215000034
20161215000033
20161215000032
20161215000031
20161215000030
20161215000029
20161215000028
20161215000027
20161215000026
20161215000022
20161215000021
20161215000020
20161215000019
20161215000018
20161215000016
20161215000013
20161215000012
20161215000011
20161215000010
20161215000008
20161215000007
20161215000006
20161215000005
20161215000003